# luis luz stuff
TBM4_W1: [2.13528, 2.69732, 0.027451]
TBM4_W2: [2.478250, -2.753400, 0.037377]
TBM4_W3: [0.138470, 0.113625, -1.551962]

# only for tbm1
KITCHEN: [-0.596318, -0.582882, 2.467207]
DINING_ROOM: [-0.592154, 1.438273, 2.458419]
LIVING_ROOM: [2.043537, 2.201434, -1.058499]
BEDROOM: [1.438860, -2.554516, -1.167879]
