NORTH: 1.661713
SOUTH: -1.552411
EAST: 0.046346
WEST: -3.095246
