START: [0.005328, 0.010850, 0.001739]
BEDROOM: [-2.331868, 1.945511, 1.661713]
BATHROOM: [-0.071419, 3.692913, 1.572044]
ENTRANCE: [1.393376, 3.534658, -1.552411]
LIVING_ROOM: [-2.725650, 0.459337, -0.806526]
DINING_ROOM: [0.304304, -2.833760, 0.046346]
KITCHEN: [0.289282, 0.029646, -0.472730]
