# ERL Luis Luz nav goals
WS-01: [-0.509142, 0.370437, 0.184707]
START: [-0.558099, -0.036663, 0.213130]
EXIT: [0.444223, -0.874251, -2.905875]
WS-02: [0.794595, 0.612058, -2.984140]
WS-03: [1.950413, -0.664336, -2.990357]
WS-04: [1.932968, -0.540668, 0.185711]
WP-01: [1.596810, 0.169481, 0.173985]
PP-01: [1.681860, 0.637289, 0.141866]
WS-05: [0.629563, 2.083924, -1.432751]
WS-06: [0.598486, 2.129288, 1.722140]
SH-01: [1.518589, 1.865250, 0.200109]
SH-02: [1.336892, 2.828191, 0.171032]
WS-08: [1.198563, 3.646892, 0.139407]
WS-07: [1.212133, 3.601718, -2.920620]
WP-02: [1.550036, 4.524148, 0.179835]
CB-01: [1.272713, 4.892024, 1.726836]
WP-03: [0.077803, 5.110240, 0.157121]
WS-09: [-0.069323, 4.943876, -3.028239]
SH-03: [0.229535, 4.779398, -1.452820]

# only for tbm1
KITCHEN: [-0.596318, -0.582882, 2.467207]
DINING_ROOM: [-0.592154, 1.438273, 2.458419]
LIVING_ROOM: [2.043537, 2.201434, -1.058499]
BEDROOM: [1.438860, -2.554516, -1.167879]
